,,,Y,X1,X2
,,,-67,21,-88
,,,-27,59,-86
,,,1,85,-84
,,,-17,-82,65
,,,-32,6,-38
,,,-131,-56,-75
,,,31,84,-53
,,,4,-55,59
,,,-7,-4,-3
,,,56,7,49
,,,-42,19,-61
,,,-178,-100,-78
,,,-47,-76,29
,,,17,-71,88
,,,-91,-82,-9
,,,-59,-67,8
,,,-121,-84,-37
,,,-135,-68,-67
,,,51,6,45
,,,-32,-49,17
,,,140,92,48
,,,90,0,90
,,,29,38,-9
,,,112,55,57
,,,71,59,12
,,,10,3,7
,,,170,98,72
,,,-146,-96,-50
,,,-92,-7,-85
,,,-110,-90,-20
,,,-29,-45,16
,,,100,67,33
,,,-39,-28,-11
,,,-137,-82,-55
,,,-117,-22,-95
,,,112,86,26
,,,-169,-82,-87
,,,-57,-66,9
,,,-45,31,-76
,,,-1,-99,98
,,,147,97,50
,,,-18,-39,21
,,,-8,13,-21
,,,-17,59,-76
,,,-91,-77,-14
,,,-31,-47,16
,,,6,79,-73
,,,-83,-5,-78
,,,-88,-71,-17
,,,-30,31,-61
,,,-164,-76,-88
,,,78,-18,96
,,,-21,-50,29
,,,132,92,40
,,,88,32,56
,,,134,83,51
,,,-2,-51,49
,,,-37,28,-65
,,,7,-22,29
,,,-15,18,-33
,,,-117,-66,-51
,,,120,29,91
,,,29,7,22
,,,175,84,91
,,,-20,79,-99
,,,-142,-55,-87
,,,11,1,10
,,,-70,-9,-61
,,,-63,32,-95
,,,-60,0,-60
,,,68,28,40
,,,49,-9,58
,,,-76,11,-87
,,,62,98,-36
,,,3,91,-88
,,,-164,-94,-70
,,,-74,15,-89
,,,47,34,13
,,,-126,-29,-97
,,,-29,-46,17
,,,2,-29,31
,,,-69,-72,3
,,,-9,15,-24
,,,166,83,83
,,,-57,30,-87
,,,163,79,84
,,,-20,-83,63
,,,-131,-70,-61
,,,4,9,-5
,,,-139,-54,-85
,,,-83,-98,15
,,,30,15,15
,,,14,98,-84
,,,6,-79,85
,,,-92,-24,-68
,,,-22,28,-50
,,,-153,-64,-89
,,,59,46,13
,,,-4,69,-73
,,,-78,-40,-38
,,,-5,-32,27
,,,126,77,49
,,,-47,-81,34
,,,-100,-73,-27
,,,42,-9,51
,,,-59,-87,28
,,,-51,-54,3
,,,118,88,30
,,,104,76,28
,,,-35,-70,35
,,,-78,-76,-2
,,,-19,22,-41
,,,111,86,25
,,,64,5,59
,,,28,75,-47
,,,-31,60,-91
,,,-132,-68,-64
,,,-127,-59,-68
,,,-40,-87,47
,,,105,11,94
,,,-26,32,-58
,,,1,88,-87
,,,-160,-88,-72
,,,65,-6,71
,,,61,-33,94
,,,-164,-94,-70
,,,13,-55,68
,,,-108,-68,-40
,,,18,-77,95
,,,43,-14,57
,,,-102,-87,-15
,,,-119,-78,-41
,,,-43,25,-68
,,,2,24,-22
,,,-74,-12,-62
,,,-92,4,-96
,,,82,14,68
,,,149,56,93
,,,-43,0,-43
,,,72,68,4
,,,-26,54,-80
,,,37,28,9
,,,-71,-61,-10
,,,-37,-42,5
,,,1,-79,80
,,,176,87,89
,,,66,96,-30
,,,-78,-84,6
,,,80,47,33
,,,23,90,-67
,,,-50,-10,-40
,,,136,100,36
,,,-41,48,-89
,,,58,15,43
,,,59,78,-19
,,,-50,-58,8
,,,-153,-56,-97
,,,-77,-28,-49
,,,-62,-70,8
,,,34,90,-56
,,,-112,-21,-91
,,,-15,15,-30
,,,43,-4,47
,,,-76,-2,-74
,,,-76,-31,-45
,,,2,-69,71
,,,-36,-37,1
,,,-19,63,-82
,,,60,-40,100
,,,-62,-31,-31
,,,147,64,83
,,,53,65,-12
,,,-49,48,-97
,,,-124,-38,-86
,,,-107,-42,-65
,,,-115,-68,-47
,,,-86,-93,7
,,,30,45,-15
,,,54,19,35
,,,-159,-99,-60
,,,-80,-50,-30
,,,-56,-63,7
,,,102,80,22
,,,144,73,71
,,,2,-61,63
,,,-61,-28,-33
,,,106,80,26
,,,23,-63,86
,,,6,-90,96
,,,89,79,10
,,,21,-30,51
,,,-50,47,-97
,,,8,-15,23
,,,-19,-24,5
,,,71,9,62
,,,-41,-97,56
,,,-150,-87,-63
,,,,,
,,,,,
,,,,,
,,,,,
,,,,,
,,,,,
,,,,,
,,,,,
,,,,,
,,,,,
,,,,,
,,,,,
,,,,,
,,,,,
,,,,,
